/*
	Copyright 2011 Nestor Daniel Uranga
	
	This file is part of HxAacDec.

    HxAacDec is free software: you can redistribute it and/or modify
    it under the terms of the GNU General Public License as published by
    the Free Software Foundation, either version 3 of the License, or
    (at your option) any later version.

    HxAacDec is distributed in the hope that it will be useful,
    but WITHOUT ANY WARRANTY; without even the implied warranty of
    MERCHANTABILITY or FITNESS FOR A PARTICULAR PURPOSE.  See the
    GNU General Public License for more details.

    You should have received a copy of the GNU General Public License
    along with HxAacDec.  If not, see <http://www.gnu.org/licenses/>.
*/

package impl.sbr;

class SBRTables 
{
	//master frequency table calculation
	public static var MFT_BANDS_COUNT : Array<Int> = [6, 5, 4];
	public static var START_MIN_TABLE : Array<Int> = [7, 7, 10, 11, 12, 16, 16, 17, 24, 32, 35, 48];
	public static var OFFSET_INDEX_TABLE : Array<Int> = [5, 5, 4, 4, 4, 3, 2, 1, 0, 6, 6, 6];
	public static var START_OFFSETS : Array<Array<Int>> = [
		[-8, -7, -6, -5, -4, -3, -2, -1, 0, 1, 2, 3, 4, 5, 6, 7],
		[-5, -4, -3, -2, -1, 0, 1, 2, 3, 4, 5, 6, 7, 9, 11, 13],
		[-5, -3, -2, -1, 0, 1, 2, 3, 4, 5, 6, 7, 9, 11, 13, 16],
		[-6, -4, -2, -1, 0, 1, 2, 3, 4, 5, 6, 7, 9, 11, 13, 16],
		[-4, -2, -1, 0, 1, 2, 3, 4, 5, 6, 7, 9, 11, 13, 16, 20],
		[-2, -1, 0, 1, 2, 3, 4, 5, 6, 7, 9, 11, 13, 16, 20, 24],
		[0, 1, 2, 3, 4, 5, 6, 7, 9, 11, 13, 16, 20, 24, 28, 33]
	];
	public static var STOP_MIN_TABLE : Array<Int> = [13, 15, 20, 21, 23, 32, 32, 35, 48, 64, 70, 96];
	public static var STOP_OFFSETS : Array<Array<Int>> = [
		[0, 2, 4, 6, 8, 11, 14, 18, 22, 26, 31, 37, 44, 51],
		[0, 2, 4, 6, 8, 11, 14, 18, 22, 26, 31, 36, 42, 49],
		[0, 2, 4, 6, 8, 11, 14, 17, 21, 25, 29, 34, 39, 44],
		[0, 2, 4, 6, 8, 11, 14, 17, 20, 24, 28, 33, 38, 43],
		[0, 2, 4, 6, 8, 11, 14, 17, 20, 24, 28, 32, 36, 41],
		[0, 2, 4, 6, 8, 10, 12, 14, 17, 20, 23, 26, 29, 32],
		[0, 2, 4, 6, 8, 10, 12, 14, 17, 20, 23, 26, 29, 32],
		[0, 1, 3, 5, 7, 9, 11, 13, 15, 17, 20, 23, 26, 29],
		[0, 1, 2, 3, 4, 5, 6, 7, 8, 9, 10, 12, 14, 16],
		[0, 0, 0, 0, 0, 0, 0, 0, 0, 0, 0, 0, 0, 0],
		[0, -1, -2, -3, -4, -5, -6, -6, -6, -6, -6, -6, -6, -6],
		[0, -3, -6, -9, -12, -15, -18, -20, -22, -24, -26, -28, -30, -32]
	];
	public static var LIMITER_BANDS_COMPARE : Array<Float> = [1.327152, 1.185093, 1.119872];
	//noise unmap
	public static var ENVELOPE_DEQUANT_TABLE : Array<Float> = [
		64.0, 128.0, 256.0, 512.0, 1024.0, 2048.0, 4096.0, 8192.0,
		16384.0, 32768.0, 65536.0, 131072.0, 262144.0, 524288.0, 1.04858E+006, 2.09715E+006,
		4.1943E+006, 8.38861E+006, 1.67772E+007, 3.35544E+007, 6.71089E+007, 1.34218E+008, 2.68435E+008, 5.36871E+008,
		1.07374E+009, 2.14748E+009, 4.29497E+009, 8.58993E+009, 1.71799E+010, 3.43597E+010, 6.87195E+010, 1.37439E+011,
		2.74878E+011, 5.49756E+011, 1.09951E+012, 2.19902E+012, 4.39805E+012, 8.79609E+012, 1.75922E+013, 3.51844E+013,
		7.03687E+013, 1.40737E+014, 2.81475E+014, 5.6295E+014, 1.1259E+015, 2.2518E+015, 4.5036E+015, 9.0072E+015,
		1.80144E+016, 3.60288E+016, 7.20576E+016, 1.44115E+017, 2.8823E+017, 5.76461E+017, 1.15292E+018, 2.30584E+018,
		4.61169E+018, 9.22337E+018, 1.84467E+019, 3.68935E+019, 7.3787E+019, 1.47574E+020, 2.95148E+020, 5.90296E+020
	];
	public static var ENVELOPE_PANNING_TABLE : Array<Float> = [
		0.000244081, 0.000488043,
		0.00097561, 0.00194932,
		0.00389105, 0.00775194,
		0.0153846, 0.030303,
		0.0588235, 0.111111,
		0.2, 0.333333,
		0.5, 0.666667,
		0.8, 0.888889,
		0.941176, 0.969697,
		0.984615, 0.992248,
		0.996109, 0.998051,
		0.999024, 0.999512,
		0.999756
	];
	//calculateQDiv: no coupling
	public static var Q_DIV_TABLE : Array<Float> = [
		0.0153846, 0.030303,
		0.0588235, 0.111111,
		0.2, 0.333333,
		0.5, 0.666667,
		0.8, 0.888889,
		0.941176, 0.969697,
		0.984615, 0.992248,
		0.996109, 0.998051,
		0.999024, 0.999512,
		0.999756, 0.999878,
		0.999939, 0.999969,
		0.999985, 0.999992,
		0.999996, 0.999998,
		0.999999, 1,
		1, 1,
		1
	];
	//calculateQDiv: coupling
	public static var Q_DIV_TABLE_LEFT : Array<Array<Float>> = [
		[0.969704, 0.888985, 0.667532, 0.336788, 0.117241, 0.037594, 0.0153846, 0.00967118, 0.00823245, 0.00787211, 0.00778198, 0.00775945, 0.00775382],
		[0.984619, 0.94123, 0.800623, 0.503876, 0.209877, 0.0724638, 0.030303, 0.0191571, 0.0163305, 0.0156212, 0.0154438, 0.0153994, 0.0153883],
		[0.99225, 0.969726, 0.889273, 0.670103, 0.346939, 0.135135, 0.0588235, 0.037594, 0.0321361, 0.0307619, 0.0304178, 0.0303317, 0.0303102],
		[0.99611, 0.98463, 0.941392, 0.802469, 0.515152, 0.238095, 0.111111, 0.0724638, 0.0622711, 0.0596878, 0.0590397, 0.0588776, 0.058837],
		[0.998051, 0.992256, 0.969811, 0.890411, 0.68, 0.384615, 0.2, 0.135135, 0.117241, 0.112652, 0.111497, 0.111208, 0.111135],
		[0.999025, 0.996113, 0.984674, 0.942029, 0.809524, 0.555556, 0.333333, 0.238095, 0.209877, 0.202492, 0.200625, 0.200156, 0.200039],
		[0.999512, 0.998053, 0.992278, 0.970149, 0.894737, 0.714286, 0.5, 0.384615, 0.346939, 0.336788, 0.3342, 0.33355, 0.333388],
		[0.999756, 0.999025, 0.996124, 0.984848, 0.944444, 0.833333, 0.666667, 0.555556, 0.515152, 0.503876, 0.500975, 0.500244, 0.500061],
		[0.999878, 0.999512, 0.998058, 0.992366, 0.971429, 0.909091, 0.8, 0.714286, 0.68, 0.670103, 0.667532, 0.666884, 0.666721],
		[0.999939, 0.999756, 0.999028, 0.996169, 0.985507, 0.952381, 0.888889, 0.833333, 0.809524, 0.802469, 0.800623, 0.800156, 0.800039],
		[0.999969, 0.999878, 0.999514, 0.998081, 0.992701, 0.97561, 0.941176, 0.909091, 0.894737, 0.890411, 0.889273, 0.888985, 0.888913],
		[0.999985, 0.999939, 0.999757, 0.999039, 0.996337, 0.987654, 0.969697, 0.952381, 0.944444, 0.942029, 0.941392, 0.94123, 0.94119],
		[0.999992, 0.99997, 0.999878, 0.999519, 0.998165, 0.993789, 0.984615, 0.97561, 0.971429, 0.970149, 0.969811, 0.969726, 0.969704],
		[0.999996, 0.999985, 0.999939, 0.99976, 0.999082, 0.996885, 0.992248, 0.987654, 0.985507, 0.984848, 0.984674, 0.98463, 0.984619],
		[0.999998, 0.999992, 0.99997, 0.99988, 0.999541, 0.99844, 0.996109, 0.993789, 0.992701, 0.992366, 0.992278, 0.992256, 0.99225],
		[0.999999, 0.999996, 0.999985, 0.99994, 0.99977, 0.999219, 0.998051, 0.996885, 0.996337, 0.996169, 0.996124, 0.996113, 0.99611],
		[1, 0.999998, 0.999992, 0.99997, 0.999885, 0.99961, 0.999024, 0.99844, 0.998165, 0.998081, 0.998058, 0.998053, 0.998051],
		[1.0, 0.999999, 0.999996, 0.999985, 0.999943, 0.999805, 0.999512, 0.999219, 0.999082, 0.999039, 0.999028, 0.999025, 0.999025],
		[1.0, 1.0, 0.999998, 0.999992, 0.999971, 0.999902, 0.999756, 0.99961, 0.999541, 0.999519, 0.999514, 0.999512, 0.999512],
		[1.0, 1.0, 0.999999, 0.999996, 0.999986, 0.999951, 0.999878, 0.999805, 0.99977, 0.99976, 0.999757, 0.999756, 0.999756],
		[1.0, 1.0, 1.0, 0.999998, 0.999993, 0.999976, 0.999939, 0.999902, 0.999885, 0.99988, 0.999878, 0.999878, 0.999878],
		[1.0, 1.0, 1.0, 0.999999, 0.999996, 0.999988, 0.999969, 0.999951, 0.999943, 0.99994, 0.999939, 0.999939, 0.999939],
		[1.0, 1.0, 1.0, 1.0, 0.999998, 0.999994, 0.999985, 0.999976, 0.999971, 0.99997, 0.99997, 0.99997, 0.999969],
		[1.0, 1.0, 1.0, 1.0, 0.999999, 0.999997, 0.999992, 0.999988, 0.999986, 0.999985, 0.999985, 0.999985, 0.999985],
		[1.0, 1.0, 1.0, 1.0, 1.0, 0.999998, 0.999996, 0.999994, 0.999993, 0.999992, 0.999992, 0.999992, 0.999992],
		[1.0, 1.0, 1.0, 1.0, 1.0, 0.999999, 0.999998, 0.999997, 0.999996, 0.999996, 0.999996, 0.999996, 0.999996],
		[1.0, 1.0, 1.0, 1.0, 1.0, 1.0, 0.999999, 0.999998, 0.999998, 0.999998, 0.999998, 0.999998, 0.999998],
		[1.0, 1.0, 1.0, 1.0, 1.0, 1.0, 1.0, 0.999999, 0.999999, 0.999999, 0.999999, 0.999999, 0.999999],
		[1.0, 1.0, 1.0, 1.0, 1.0, 1.0, 1.0, 1.0, 1.0, 1.0, 1.0, 1.0, 1.0],
		[1.0, 1.0, 1.0, 1.0, 1.0, 1.0, 1.0, 1.0, 1.0, 1.0, 1.0, 1.0, 1.0],
		[1.0, 1.0, 1.0, 1.0, 1.0, 1.0, 1.0, 1.0, 1.0, 1.0, 1.0, 1.0, 1.0]
	];
	public static var Q_DIV_TABLE_RIGHT : Array<Array<Float>> = [
		[0.00775382, 0.00775945, 0.00778198, 0.00787211, 0.00823245, 0.00967118, 0.0153846, 0.037594, 0.117241, 0.336788, 0.667532, 0.888985, 0.969704],
		[0.0153883, 0.0153994, 0.0154438, 0.0156212, 0.0163305, 0.0191571, 0.030303, 0.0724638, 0.209877, 0.503876, 0.800623, 0.94123, 0.984619],
		[0.0303102, 0.0303317, 0.0304178, 0.0307619, 0.0321361, 0.037594, 0.0588235, 0.135135, 0.346939, 0.670103, 0.889273, 0.969726, 0.99225],
		[0.058837, 0.0588776, 0.0590397, 0.0596878, 0.0622711, 0.0724638, 0.111111, 0.238095, 0.515152, 0.802469, 0.941392, 0.98463, 0.99611],
		[0.111135, 0.111208, 0.111497, 0.112652, 0.117241, 0.135135, 0.2, 0.384615, 0.68, 0.890411, 0.969811, 0.992256, 0.998051],
		[0.200039, 0.200156, 0.200625, 0.202492, 0.209877, 0.238095, 0.333333, 0.555556, 0.809524, 0.942029, 0.984674, 0.996113, 0.999025],
		[0.333388, 0.33355, 0.3342, 0.336788, 0.346939, 0.384615, 0.5, 0.714286, 0.894737, 0.970149, 0.992278, 0.998053, 0.999512],
		[0.500061, 0.500244, 0.500975, 0.503876, 0.515152, 0.555556, 0.666667, 0.833333, 0.944444, 0.984848, 0.996124, 0.999025, 0.999756],
		[0.666721, 0.666884, 0.667532, 0.670103, 0.68, 0.714286, 0.8, 0.909091, 0.971429, 0.992366, 0.998058, 0.999512, 0.999878],
		[0.800039, 0.800156, 0.800623, 0.802469, 0.809524, 0.833333, 0.888889, 0.952381, 0.985507, 0.996169, 0.999028, 0.999756, 0.999939],
		[0.888913, 0.888985, 0.889273, 0.890411, 0.894737, 0.909091, 0.941176, 0.97561, 0.992701, 0.998081, 0.999514, 0.999878, 0.999969],
		[0.94119, 0.94123, 0.941392, 0.942029, 0.944444, 0.952381, 0.969697, 0.987654, 0.996337, 0.999039, 0.999757, 0.999939, 0.999985],
		[0.969704, 0.969726, 0.969811, 0.970149, 0.971429, 0.97561, 0.984615, 0.993789, 0.998165, 0.999519, 0.999878, 0.99997, 0.999992],
		[0.984619, 0.98463, 0.984674, 0.984848, 0.985507, 0.987654, 0.992248, 0.996885, 0.999082, 0.99976, 0.999939, 0.999985, 0.999996],
		[0.99225, 0.992256, 0.992278, 0.992366, 0.992701, 0.993789, 0.996109, 0.99844, 0.999541, 0.99988, 0.99997, 0.999992, 0.999998],
		[0.99611, 0.996113, 0.996124, 0.996169, 0.996337, 0.996885, 0.998051, 0.999219, 0.99977, 0.99994, 0.999985, 0.999996, 0.999999],
		[0.998051, 0.998053, 0.998058, 0.998081, 0.998165, 0.99844, 0.999024, 0.99961, 0.999885, 0.99997, 0.999992, 0.999998, 1.0],
		[0.999025, 0.999025, 0.999028, 0.999039, 0.999082, 0.999219, 0.999512, 0.999805, 0.999943, 0.999985, 0.999996, 0.999999, 1.0],
		[0.999512, 0.999512, 0.999514, 0.999519, 0.999541, 0.99961, 0.999756, 0.999902, 0.999971, 0.999992, 0.999998, 1.0, 1.0],
		[0.999756, 0.999756, 0.999757, 0.99976, 0.99977, 0.999805, 0.999878, 0.999951, 0.999986, 0.999996, 0.999999, 1.0, 1.0],
		[0.999878, 0.999878, 0.999878, 0.99988, 0.999885, 0.999902, 0.999939, 0.999976, 0.999993, 0.999998, 1.0, 1.0, 1.0],
		[0.999939, 0.999939, 0.999939, 0.99994, 0.999943, 0.999951, 0.999969, 0.999988, 0.999996, 0.999999, 1.0, 1.0, 1.0],
		[0.999969, 0.99997, 0.99997, 0.99997, 0.999971, 0.999976, 0.999985, 0.999994, 0.999998, 1.0, 1.0, 1.0, 1.0],
		[0.999985, 0.999985, 0.999985, 0.999985, 0.999986, 0.999988, 0.999992, 0.999997, 0.999999, 1.0, 1.0, 1.0, 1.0],
		[0.999992, 0.999992, 0.999992, 0.999992, 0.999993, 0.999994, 0.999996, 0.999998, 1.0, 1.0, 1.0, 1.0, 1.0],
		[0.999996, 0.999996, 0.999996, 0.999996, 0.999996, 0.999997, 0.999998, 0.999999, 1.0, 1.0, 1.0, 1.0, 1.0],
		[0.999998, 0.999998, 0.999998, 0.999998, 0.999998, 0.999998, 0.999999, 1.0, 1.0, 1.0, 1.0, 1.0, 1.0],
		[0.999999, 0.999999, 0.999999, 0.999999, 0.999999, 0.999999, 1.0, 1.0, 1.0, 1.0, 1.0, 1.0, 1.0],
		[1.0, 1.0, 1.0, 1.0, 1.0, 1.0, 1.0, 1.0, 1.0, 1.0, 1.0, 1.0, 1.0],
		[1.0, 1.0, 1.0, 1.0, 1.0, 1.0, 1.0, 1.0, 1.0, 1.0, 1.0, 1.0, 1.0],
		[1.0, 1.0, 1.0, 1.0, 1.0, 1.0, 1.0, 1.0, 1.0, 1.0, 1.0, 1.0, 1.0]
	];
	//calculateQDiv2: no coupling
	public static var Q_DIV2_TABLE : Array<Float> = [
		0.984615, 0.969697,
		0.941176, 0.888889,
		0.8, 0.666667,
		0.5, 0.333333,
		0.2, 0.111111,
		0.0588235, 0.030303,
		0.0153846, 0.00775194,
		0.00389105, 0.00194932,
		0.00097561, 0.000488043,
		0.000244081, 0.000122055,
		6.10314E-005, 3.05166E-005,
		1.52586E-005, 7.62934E-006,
		3.81468E-006, 1.90734E-006,
		9.53673E-007, 4.76837E-007,
		2.38419E-007, 1.19209E-007,
		5.96046E-008
	];
	//calculateQDiv2: coupling
	public static var Q_DIV2_TABLE_LEFT : Array<Array<Float>> = [
		[0.0302959, 0.111015, 0.332468, 0.663212, 0.882759, 0.962406, 0.984615, 0.990329, 0.991768, 0.992128, 0.992218, 0.992241, 0.992246],
		[0.0153809, 0.0587695, 0.199377, 0.496124, 0.790123, 0.927536, 0.969697, 0.980843, 0.98367, 0.984379, 0.984556, 0.984601, 0.984612],
		[0.00775006, 0.0302744, 0.110727, 0.329897, 0.653061, 0.864865, 0.941176, 0.962406, 0.967864, 0.969238, 0.969582, 0.969668, 0.96969],
		[0.0038901, 0.0153698, 0.0586081, 0.197531, 0.484848, 0.761905, 0.888889, 0.927536, 0.937729, 0.940312, 0.94096, 0.941122, 0.941163],
		[0.00194884, 0.00774443, 0.0301887, 0.109589, 0.32, 0.615385, 0.8, 0.864865, 0.882759, 0.887348, 0.888503, 0.888792, 0.888865],
		[0.000975372, 0.00388727, 0.0153257, 0.057971, 0.190476, 0.444444, 0.666667, 0.761905, 0.790123, 0.797508, 0.799375, 0.799844, 0.799961],
		[0.000487924, 0.00194742, 0.00772201, 0.0298507, 0.105263, 0.285714, 0.5, 0.615385, 0.653061, 0.663212, 0.6658, 0.66645, 0.666612],
		[0.000244021, 0.000974659, 0.00387597, 0.0151515, 0.0555556, 0.166667, 0.333333, 0.444444, 0.484848, 0.496124, 0.499025, 0.499756, 0.499939],
		[0.000122026, 0.000487567, 0.00194175, 0.00763359, 0.0285714, 0.0909091, 0.2, 0.285714, 0.32, 0.329897, 0.332468, 0.333116, 0.333279],
		[6.10165E-005, 0.000243843, 0.000971817, 0.00383142, 0.0144928, 0.047619, 0.111111, 0.166667, 0.190476, 0.197531, 0.199377, 0.199844, 0.199961],
		[3.05092E-005, 0.000121936, 0.000486145, 0.00191939, 0.00729927, 0.0243902, 0.0588235, 0.0909091, 0.105263, 0.109589, 0.110727, 0.111015, 0.111087],
		[1.52548E-005, 6.09719E-005, 0.000243132, 0.000960615, 0.003663, 0.0123457, 0.030303, 0.047619, 0.0555556, 0.057971, 0.0586081, 0.0587695, 0.05881],
		[7.62747E-006, 3.04869E-005, 0.000121581, 0.000480538, 0.00183486, 0.00621118, 0.0153846, 0.0243902, 0.0285714, 0.0298507, 0.0301887, 0.0302744, 0.0302959],
		[3.81375E-006, 1.52437E-005, 6.0794E-005, 0.000240327, 0.000918274, 0.00311526, 0.00775194, 0.0123457, 0.0144928, 0.0151515, 0.0153257, 0.0153698, 0.0153809],
		[1.90688E-006, 7.62189E-006, 3.03979E-005, 0.000120178, 0.000459348, 0.00156006, 0.00389105, 0.00621118, 0.00729927, 0.00763359, 0.00772201, 0.00774443, 0.00775006],
		[9.53441E-007, 3.81096E-006, 1.51992E-005, 6.00925E-005, 0.000229727, 0.00078064, 0.00194932, 0.00311526, 0.003663, 0.00383142, 0.00387597, 0.00388727, 0.0038901],
		[4.76721E-007, 1.90548E-006, 7.59965E-006, 3.00472E-005, 0.000114877, 0.000390472, 0.00097561, 0.00156006, 0.00183486, 0.00191939, 0.00194175, 0.00194742, 0.00194884],
		[2.3836E-007, 9.52743E-007, 3.79984E-006, 1.50238E-005, 5.74416E-005, 0.000195274, 0.000488043, 0.00078064, 0.000918274, 0.000960615, 0.000971817, 0.000974659, 0.000975372],
		[1.1918E-007, 4.76372E-007, 1.89992E-006, 7.51196E-006, 2.87216E-005, 9.76467E-005, 0.000244081, 0.000390472, 0.000459348, 0.000480538, 0.000486145, 0.000487567, 0.000487924],
		[5.95901E-008, 2.38186E-007, 9.49963E-007, 3.756E-006, 1.4361E-005, 4.88257E-005, 0.000122055, 0.000195274, 0.000229727, 0.000240327, 0.000243132, 0.000243843, 0.000244021],
		[2.9795E-008, 1.19093E-007, 4.74982E-007, 1.878E-006, 7.18056E-006, 2.44135E-005, 6.10314E-005, 9.76467E-005, 0.000114877, 0.000120178, 0.000121581, 0.000121936, 0.000122026],
		[1.48975E-008, 5.95465E-008, 2.37491E-007, 9.39002E-007, 3.59029E-006, 1.22069E-005, 3.05166E-005, 4.88257E-005, 5.74416E-005, 6.00925E-005, 6.0794E-005, 6.09719E-005, 6.10165E-005],
		[7.44876E-009, 2.97732E-008, 1.18745E-007, 4.69501E-007, 1.79515E-006, 6.10348E-006, 1.52586E-005, 2.44135E-005, 2.87216E-005, 3.00472E-005, 3.03979E-005, 3.04869E-005, 3.05092E-005],
		[3.72438E-009, 1.48866E-008, 5.93727E-008, 2.34751E-007, 8.97575E-007, 3.05175E-006, 7.62934E-006, 1.22069E-005, 1.4361E-005, 1.50238E-005, 1.51992E-005, 1.52437E-005, 1.52548E-005],
		[1.86219E-009, 7.44331E-009, 2.96864E-008, 1.17375E-007, 4.48788E-007, 1.52588E-006, 3.81468E-006, 6.10348E-006, 7.18056E-006, 7.51196E-006, 7.59965E-006, 7.62189E-006, 7.62747E-006],
		[9.31095E-010, 3.72166E-009, 1.48432E-008, 5.86876E-008, 2.24394E-007, 7.62939E-007, 1.90734E-006, 3.05175E-006, 3.59029E-006, 3.756E-006, 3.79984E-006, 3.81096E-006, 3.81375E-006],
		[4.65548E-010, 1.86083E-009, 7.42159E-009, 2.93438E-008, 1.12197E-007, 3.8147E-007, 9.53673E-007, 1.52588E-006, 1.79515E-006, 1.878E-006, 1.89992E-006, 1.90548E-006, 1.90688E-006],
		[2.32774E-010, 9.30414E-010, 3.71079E-009, 1.46719E-008, 5.60985E-008, 1.90735E-007, 4.76837E-007, 7.62939E-007, 8.97575E-007, 9.39002E-007, 9.49963E-007, 9.52743E-007, 9.53441E-007],
		[1.16387E-010, 4.65207E-010, 1.8554E-009, 7.33596E-009, 2.80492E-008, 9.53674E-008, 2.38419E-007, 3.8147E-007, 4.48788E-007, 4.69501E-007, 4.74982E-007, 4.76372E-007, 4.76721E-007],
		[5.81935E-011, 2.32603E-010, 9.27699E-010, 3.66798E-009, 1.40246E-008, 4.76837E-008, 1.19209E-007, 1.90735E-007, 2.24394E-007, 2.34751E-007, 2.37491E-007, 2.38186E-007, 2.3836E-007],
		[2.90967E-011, 1.16302E-010, 4.63849E-010, 1.83399E-009, 7.01231E-009, 2.38419E-008, 5.96046E-008, 9.53674E-008, 1.12197E-007, 1.17375E-007, 1.18745E-007, 1.19093E-007, 1.1918E-007]
	];
	public static var Q_DIV2_TABLE_RIGHT : Array<Array<Float>> = [
		[0.992246, 0.992241, 0.992218, 0.992128, 0.991768, 0.990329, 0.984615, 0.962406, 0.882759, 0.663212, 0.332468, 0.111015, 0.0302959],
		[0.984612, 0.984601, 0.984556, 0.984379, 0.98367, 0.980843, 0.969697, 0.927536, 0.790123, 0.496124, 0.199377, 0.0587695, 0.0153809],
		[0.96969, 0.969668, 0.969582, 0.969238, 0.967864, 0.962406, 0.941176, 0.864865, 0.653061, 0.329897, 0.110727, 0.0302744, 0.00775006],
		[0.941163, 0.941122, 0.94096, 0.940312, 0.937729, 0.927536, 0.888889, 0.761905, 0.484848, 0.197531, 0.0586081, 0.0153698, 0.0038901],
		[0.888865, 0.888792, 0.888503, 0.887348, 0.882759, 0.864865, 0.8, 0.615385, 0.32, 0.109589, 0.0301887, 0.00774443, 0.00194884],
		[0.799961, 0.799844, 0.799375, 0.797508, 0.790123, 0.761905, 0.666667, 0.444444, 0.190476, 0.057971, 0.0153257, 0.00388727, 0.000975372],
		[0.666612, 0.66645, 0.6658, 0.663212, 0.653061, 0.615385, 0.5, 0.285714, 0.105263, 0.0298507, 0.00772201, 0.00194742, 0.000487924],
		[0.499939, 0.499756, 0.499025, 0.496124, 0.484848, 0.444444, 0.333333, 0.166667, 0.0555556, 0.0151515, 0.00387597, 0.000974659, 0.000244021],
		[0.333279, 0.333116, 0.332468, 0.329897, 0.32, 0.285714, 0.2, 0.0909091, 0.0285714, 0.00763359, 0.00194175, 0.000487567, 0.000122026],
		[0.199961, 0.199844, 0.199377, 0.197531, 0.190476, 0.166667, 0.111111, 0.047619, 0.0144928, 0.00383142, 0.000971817, 0.000243843, 6.10165E-005],
		[0.111087, 0.111015, 0.110727, 0.109589, 0.105263, 0.0909091, 0.0588235, 0.0243902, 0.00729927, 0.00191939, 0.000486145, 0.000121936, 3.05092E-005],
		[0.05881, 0.0587695, 0.0586081, 0.057971, 0.0555556, 0.047619, 0.030303, 0.0123457, 0.003663, 0.000960615, 0.000243132, 6.09719E-005, 1.52548E-005],
		[0.0302959, 0.0302744, 0.0301887, 0.0298507, 0.0285714, 0.0243902, 0.0153846, 0.00621118, 0.00183486, 0.000480538, 0.000121581, 3.04869E-005, 7.62747E-006],
		[0.0153809, 0.0153698, 0.0153257, 0.0151515, 0.0144928, 0.0123457, 0.00775194, 0.00311526, 0.000918274, 0.000240327, 6.0794E-005, 1.52437E-005, 3.81375E-006],
		[0.00775006, 0.00774443, 0.00772201, 0.00763359, 0.00729927, 0.00621118, 0.00389105, 0.00156006, 0.000459348, 0.000120178, 3.03979E-005, 7.62189E-006, 1.90688E-006],
		[0.0038901, 0.00388727, 0.00387597, 0.00383142, 0.003663, 0.00311526, 0.00194932, 0.00078064, 0.000229727, 6.00925E-005, 1.51992E-005, 3.81096E-006, 9.53441E-007],
		[0.00194884, 0.00194742, 0.00194175, 0.00191939, 0.00183486, 0.00156006, 0.00097561, 0.000390472, 0.000114877, 3.00472E-005, 7.59965E-006, 1.90548E-006, 4.76721E-007],
		[0.000975372, 0.000974659, 0.000971817, 0.000960615, 0.000918274, 0.00078064, 0.000488043, 0.000195274, 5.74416E-005, 1.50238E-005, 3.79984E-006, 9.52743E-007, 2.3836E-007],
		[0.000487924, 0.000487567, 0.000486145, 0.000480538, 0.000459348, 0.000390472, 0.000244081, 9.76467E-005, 2.87216E-005, 7.51196E-006, 1.89992E-006, 4.76372E-007, 1.1918E-007],
		[0.000244021, 0.000243843, 0.000243132, 0.000240327, 0.000229727, 0.000195274, 0.000122055, 4.88257E-005, 1.4361E-005, 3.756E-006, 9.49963E-007, 2.38186E-007, 5.95901E-008],
		[0.000122026, 0.000121936, 0.000121581, 0.000120178, 0.000114877, 9.76467E-005, 6.10314E-005, 2.44135E-005, 7.18056E-006, 1.878E-006, 4.74982E-007, 1.19093E-007, 2.9795E-008],
		[6.10165E-005, 6.09719E-005, 6.0794E-005, 6.00925E-005, 5.74416E-005, 4.88257E-005, 3.05166E-005, 1.22069E-005, 3.59029E-006, 9.39002E-007, 2.37491E-007, 5.95465E-008, 1.48975E-008],
		[3.05092E-005, 3.04869E-005, 3.03979E-005, 3.00472E-005, 2.87216E-005, 2.44135E-005, 1.52586E-005, 6.10348E-006, 1.79515E-006, 4.69501E-007, 1.18745E-007, 2.97732E-008, 7.44876E-009],
		[1.52548E-005, 1.52437E-005, 1.51992E-005, 1.50238E-005, 1.4361E-005, 1.22069E-005, 7.62934E-006, 3.05175E-006, 8.97575E-007, 2.34751E-007, 5.93727E-008, 1.48866E-008, 3.72438E-009],
		[7.62747E-006, 7.62189E-006, 7.59965E-006, 7.51196E-006, 7.18056E-006, 6.10348E-006, 3.81468E-006, 1.52588E-006, 4.48788E-007, 1.17375E-007, 2.96864E-008, 7.44331E-009, 1.86219E-009],
		[3.81375E-006, 3.81096E-006, 3.79984E-006, 3.756E-006, 3.59029E-006, 3.05175E-006, 1.90734E-006, 7.62939E-007, 2.24394E-007, 5.86876E-008, 1.48432E-008, 3.72166E-009, 9.31095E-010],
		[1.90688E-006, 1.90548E-006, 1.89992E-006, 1.878E-006, 1.79515E-006, 1.52588E-006, 9.53673E-007, 3.8147E-007, 1.12197E-007, 2.93438E-008, 7.42159E-009, 1.86083E-009, 4.65548E-010],
		[9.53441E-007, 9.52743E-007, 9.49963E-007, 9.39002E-007, 8.97575E-007, 7.62939E-007, 4.76837E-007, 1.90735E-007, 5.60985E-008, 1.46719E-008, 3.71079E-009, 9.30414E-010, 2.32774E-010],
		[4.76721E-007, 4.76372E-007, 4.74982E-007, 4.69501E-007, 4.48788E-007, 3.8147E-007, 2.38419E-007, 9.53674E-008, 2.80492E-008, 7.33596E-009, 1.8554E-009, 4.65207E-010, 1.16387E-010],
		[2.3836E-007, 2.38186E-007, 2.37491E-007, 2.34751E-007, 2.24394E-007, 1.90735E-007, 1.19209E-007, 4.76837E-008, 1.40246E-008, 3.66798E-009, 9.27699E-010, 2.32603E-010, 5.81935E-011],
		[1.1918E-007, 1.19093E-007, 1.18745E-007, 1.17375E-007, 1.12197E-007, 9.53674E-008, 5.96046E-008, 2.38419E-008, 7.01231E-009, 1.83399E-009, 4.63849E-010, 1.16302E-010, 2.90967E-011]
	];
}